Column1
  0.25596619E-01  0.36641453E-04  0.26367188E+00
  0.25596619E+02  0.36641453E-01  0.30273438E+00
  0.51193237E+02  0.73282906E-01  0.32226562E+00
  0.76789856E+02  0.10992436E+00  0.34179688E+00
  0.10238647E+03  0.14656581E+00  0.38085938E+00
  0.12798309E+03  0.18320727E+00  0.40039062E+00
  0.15357971E+03  0.21984872E+00  0.41992188E+00
  0.17917633E+03  0.25649017E+00  0.43945312E+00
  0.20477295E+03  0.29313162E+00  0.45898438E+00
  0.23036957E+03  0.32977308E+00  0.47851563E+00
  0.25596619E+03  0.36641453E+00  0.49804688E+00
  0.28156281E+03  0.40305598E+00  0.51757812E+00
  0.30715942E+03  0.43969744E+00  0.53710938E+00
  0.33275604E+03  0.47633889E+00  0.55664062E+00
  0.35835266E+03  0.51298034E+00  0.57617188E+00
  0.38394928E+03  0.54962180E+00  0.57617188E+00
  0.40954590E+03  0.58626325E+00  0.59570312E+00
  0.43514252E+03  0.62290470E+00  0.61523438E+00
  0.46073914E+03  0.65954615E+00  0.61523438E+00
  0.48633575E+03  0.69618761E+00  0.63476562E+00
  0.51193237E+03  0.73282906E+00  0.65429688E+00
  0.53752899E+03  0.76947051E+00  0.65429688E+00
  0.56312561E+03  0.80611197E+00  0.67382812E+00
  0.58872223E+03  0.84275342E+00  0.69335938E+00
  0.61431885E+03  0.87939487E+00  0.69335938E+00
  0.63991547E+03  0.91603633E+00  0.71289062E+00
  0.66551208E+03  0.95267778E+00  0.71289062E+00
  0.69110870E+03  0.98931923E+00  0.73242188E+00
  0.71670532E+03  0.10259607E+01  0.73242188E+00
  0.74230194E+03  0.10626021E+01  0.75195312E+00
  0.76789856E+03  0.10992436E+01  0.75195312E+00
  0.79349518E+03  0.11358850E+01  0.77148438E+00
  0.81909180E+03  0.11725265E+01  0.77148438E+00
  0.84468842E+03  0.12091679E+01  0.79101562E+00
  0.87028503E+03  0.12458094E+01  0.79101562E+00
  0.89588165E+03  0.12824509E+01  0.79101562E+00
  0.92147827E+03  0.13190923E+01  0.81054688E+00
  0.94707489E+03  0.13557338E+01  0.81054688E+00
  0.97267151E+03  0.13923752E+01  0.81054688E+00
  0.99826813E+03  0.14290167E+01  0.83007812E+00
  0.10238647E+04  0.14656581E+01  0.83007812E+00
  0.10494614E+04  0.15022996E+01  0.83007812E+00
  0.10750580E+04  0.15389410E+01  0.84960938E+00
  0.11006546E+04  0.15755825E+01  0.84960938E+00
  0.11262512E+04  0.16122239E+01  0.84960938E+00
  0.11518478E+04  0.16488654E+01  0.86914062E+00
  0.11774445E+04  0.16855068E+01  0.86914062E+00
  0.12030411E+04  0.17221483E+01  0.86914062E+00
  0.12286377E+04  0.17587897E+01  0.86914062E+00
  0.12542343E+04  0.17954312E+01  0.88867188E+00
  0.12798309E+04  0.18320727E+01  0.88867188E+00
  0.13054276E+04  0.18687141E+01  0.88867188E+00
  0.13310242E+04  0.19053556E+01  0.88867188E+00
  0.13566208E+04  0.19419970E+01  0.90820312E+00
  0.13822174E+04  0.19786385E+01  0.90820312E+00
  0.14078140E+04  0.20152799E+01  0.90820312E+00
  0.14334106E+04  0.20519214E+01  0.90820312E+00
  0.14590073E+04  0.20885628E+01  0.90820312E+00
  0.14846039E+04  0.21252043E+01  0.92773438E+00
  0.15102005E+04  0.21618457E+01  0.92773438E+00
  0.15357971E+04  0.21984872E+01  0.92773438E+00
  0.15613937E+04  0.22351286E+01  0.92773438E+00
  0.15869904E+04  0.22717701E+01  0.92773438E+00
  0.16125870E+04  0.23084115E+01  0.94726562E+00
  0.16381836E+04  0.23450530E+01  0.94726562E+00
  0.16637802E+04  0.23816944E+01  0.94726562E+00
  0.16893768E+04  0.24183359E+01  0.94726562E+00
  0.17149734E+04  0.24549774E+01  0.94726562E+00
  0.17405701E+04  0.24916188E+01  0.94726562E+00
  0.17661667E+04  0.25282603E+01  0.96679688E+00
  0.17917633E+04  0.25649017E+01  0.96679688E+00
  0.18173599E+04  0.26015432E+01  0.96679688E+00
  0.18429565E+04  0.26381846E+01  0.96679688E+00
  0.18685532E+04  0.26748261E+01  0.96679688E+00
  0.18941498E+04  0.27114675E+01  0.96679688E+00
  0.19197464E+04  0.27481090E+01  0.96679688E+00
  0.19453430E+04  0.27847504E+01  0.98632813E+00
  0.19709396E+04  0.28213919E+01  0.98632813E+00
  0.19965363E+04  0.28580333E+01  0.98632813E+00
  0.20221329E+04  0.28946748E+01  0.98632813E+00
  0.20477295E+04  0.29313162E+01  0.98632813E+00
  0.20733261E+04  0.29679577E+01  0.98632813E+00
  0.20989227E+04  0.30045991E+01  0.10058594E+01
  0.21245193E+04  0.30412406E+01  0.10058594E+01
  0.21501160E+04  0.30778821E+01  0.10058594E+01
  0.21757126E+04  0.31145235E+01  0.10058594E+01
  0.22013092E+04  0.31511650E+01  0.10058594E+01
  0.22269058E+04  0.31878064E+01  0.10058594E+01
  0.22525024E+04  0.32244479E+01  0.10058594E+01
  0.22780991E+04  0.32610893E+01  0.10058594E+01
  0.23036957E+04  0.32977308E+01  0.10253906E+01
  0.23292923E+04  0.33343722E+01  0.10253906E+01
  0.23548889E+04  0.33710137E+01  0.10253906E+01
  0.23804855E+04  0.34076551E+01  0.10253906E+01
  0.24060822E+04  0.34442966E+01  0.10253906E+01
  0.24316788E+04  0.34809380E+01  0.10253906E+01
  0.24572754E+04  0.35175795E+01  0.10253906E+01
  0.24828720E+04  0.35542209E+01  0.10253906E+01
  0.25084686E+04  0.35908624E+01  0.10449219E+01
  0.25340652E+04  0.36275038E+01  0.10449219E+01
  0.25596619E+04  0.36641453E+01  0.10449219E+01
  0.25852585E+04  0.37007868E+01  0.10449219E+01
  0.26108551E+04  0.37374282E+01  0.10449219E+01
  0.26364517E+04  0.37740697E+01  0.10449219E+01
  0.26620483E+04  0.38107111E+01  0.10449219E+01
  0.26876450E+04  0.38473526E+01  0.10449219E+01
  0.27132416E+04  0.38839940E+01  0.10449219E+01
  0.27388382E+04  0.39206355E+01  0.10644531E+01
  0.27644348E+04  0.39572769E+01  0.10644531E+01
  0.27900314E+04  0.39939184E+01  0.10644531E+01
  0.28156281E+04  0.40305598E+01  0.10644531E+01
  0.28412247E+04  0.40672013E+01  0.10644531E+01
  0.28668213E+04  0.41038427E+01  0.10644531E+01
  0.28924179E+04  0.41404842E+01  0.10644531E+01
  0.29180145E+04  0.41771256E+01  0.10644531E+01
  0.29436111E+04  0.42137671E+01  0.10644531E+01
  0.29692078E+04  0.42504085E+01  0.10839844E+01
  0.29948044E+04  0.42870500E+01  0.10839844E+01
  0.30204010E+04  0.43236915E+01  0.10839844E+01
  0.30459976E+04  0.43603329E+01  0.10839844E+01
  0.30715942E+04  0.43969744E+01  0.10839844E+01
  0.30971909E+04  0.44336158E+01  0.10839844E+01
  0.31227875E+04  0.44702573E+01  0.10839844E+01
  0.31483841E+04  0.45068987E+01  0.10839844E+01
  0.31739807E+04  0.45435402E+01  0.10839844E+01
  0.31995773E+04  0.45801816E+01  0.10839844E+01
  0.32251740E+04  0.46168231E+01  0.10839844E+01
  0.32507706E+04  0.46534645E+01  0.11035156E+01
  0.32763672E+04  0.46901060E+01  0.11035156E+01
  0.33019638E+04  0.47267474E+01  0.11035156E+01
  0.33275604E+04  0.47633889E+01  0.11035156E+01
  0.33531570E+04  0.48000303E+01  0.11035156E+01
  0.33787537E+04  0.48366718E+01  0.11035156E+01
  0.34043503E+04  0.48733133E+01  0.11035156E+01
  0.34299469E+04  0.49099547E+01  0.11035156E+01
  0.34555435E+04  0.49465962E+01  0.11035156E+01
  0.34811401E+04  0.49832376E+01  0.11035156E+01
  0.35067368E+04  0.50198791E+01  0.11035156E+01
  0.35323334E+04  0.50565205E+01  0.11230469E+01
  0.35579300E+04  0.50931620E+01  0.11230469E+01
  0.35835266E+04  0.51298034E+01  0.11230469E+01
  0.36091232E+04  0.51664449E+01  0.11230469E+01
  0.36347198E+04  0.52030863E+01  0.11230469E+01
  0.36603165E+04  0.52397278E+01  0.11230469E+01
  0.36859131E+04  0.52763692E+01  0.11230469E+01
  0.37115097E+04  0.53130107E+01  0.11230469E+01
  0.37371063E+04  0.53496521E+01  0.11230469E+01
  0.37627029E+04  0.53862936E+01  0.11230469E+01
  0.37882996E+04  0.54229350E+01  0.11230469E+01
  0.38138962E+04  0.54595765E+01  0.11425781E+01
  0.38394928E+04  0.54962180E+01  0.11425781E+01
  0.38650894E+04  0.55328594E+01  0.11425781E+01
  0.38906860E+04  0.55695009E+01  0.11425781E+01
  0.39162827E+04  0.56061423E+01  0.11425781E+01
  0.39418793E+04  0.56427838E+01  0.11425781E+01
  0.39674759E+04  0.56794252E+01  0.11425781E+01
  0.39930725E+04  0.57160667E+01  0.11425781E+01
  0.40186691E+04  0.57527081E+01  0.11425781E+01
  0.40442657E+04  0.57893496E+01  0.11425781E+01
  0.40698624E+04  0.58259910E+01  0.11425781E+01
  0.40954590E+04  0.58626325E+01  0.11425781E+01
  0.41210556E+04  0.58992739E+01  0.11425781E+01
  0.41466522E+04  0.59359154E+01  0.11621094E+01
  0.41722488E+04  0.59725568E+01  0.11621094E+01
  0.41978455E+04  0.60091983E+01  0.11621094E+01
  0.42234421E+04  0.60458397E+01  0.11621094E+01
  0.42490387E+04  0.60824812E+01  0.11621094E+01
  0.42746353E+04  0.61191227E+01  0.11621094E+01
  0.43002319E+04  0.61557641E+01  0.11621094E+01
  0.43258286E+04  0.61924056E+01  0.11621094E+01
  0.43514252E+04  0.62290470E+01  0.11621094E+01
  0.43770218E+04  0.62656885E+01  0.11621094E+01
  0.44026184E+04  0.63023299E+01  0.11621094E+01
  0.44282150E+04  0.63389714E+01  0.11621094E+01
  0.44538116E+04  0.63756128E+01  0.11621094E+01
  0.44794083E+04  0.64122543E+01  0.11621094E+01
  0.45050049E+04  0.64488957E+01  0.11816406E+01
  0.45306015E+04  0.64855372E+01  0.11816406E+01
  0.45561981E+04  0.65221786E+01  0.11816406E+01
  0.45817947E+04  0.65588201E+01  0.11816406E+01
  0.46073914E+04  0.65954615E+01  0.11816406E+01
  0.46329880E+04  0.66321030E+01  0.11816406E+01
  0.46585846E+04  0.66687444E+01  0.11816406E+01
  0.46841812E+04  0.67053859E+01  0.11816406E+01
  0.47097778E+04  0.67420274E+01  0.11816406E+01
  0.47353745E+04  0.67786688E+01  0.11816406E+01
  0.47609711E+04  0.68153103E+01  0.11816406E+01
  0.47865677E+04  0.68519517E+01  0.11816406E+01
  0.48121643E+04  0.68885932E+01  0.11816406E+01
  0.48377609E+04  0.69252346E+01  0.11816406E+01
  0.48633575E+04  0.69618761E+01  0.11816406E+01
  0.48889542E+04  0.69985175E+01  0.12011719E+01
  0.49145508E+04  0.70351590E+01  0.12011719E+01
  0.49401474E+04  0.70718004E+01  0.12011719E+01
  0.49657440E+04  0.71084419E+01  0.12011719E+01
  0.49913406E+04  0.71450833E+01  0.12011719E+01
  0.50169373E+04  0.71817248E+01  0.12011719E+01
  0.50425339E+04  0.72183662E+01  0.12011719E+01
  0.50681305E+04  0.72550077E+01  0.12011719E+01
  0.50937271E+04  0.72916491E+01  0.12011719E+01
  0.51193237E+04  0.73282906E+01  0.12011719E+01
  0.51449203E+04  0.73649321E+01  0.12011719E+01
  0.51705170E+04  0.74015735E+01  0.12011719E+01
  0.51961136E+04  0.74382150E+01  0.12011719E+01
  0.52217102E+04  0.74748564E+01  0.12011719E+01
  0.52473068E+04  0.75114979E+01  0.12011719E+01
  0.52729034E+04  0.75481393E+01  0.12011719E+01
  0.52985001E+04  0.75847808E+01  0.12011719E+01
  0.53240967E+04  0.76214222E+01  0.12207031E+01
  0.53496933E+04  0.76580637E+01  0.12207031E+01
  0.53752899E+04  0.76947051E+01  0.12207031E+01
  0.54008865E+04  0.77313466E+01  0.12207031E+01
  0.54264832E+04  0.77679880E+01  0.12207031E+01
  0.54520798E+04  0.78046295E+01  0.12207031E+01
  0.54776764E+04  0.78412709E+01  0.12207031E+01
  0.55032730E+04  0.78779124E+01  0.12207031E+01
  0.55288696E+04  0.79145539E+01  0.12207031E+01
  0.55544662E+04  0.79511953E+01  0.12207031E+01
  0.55800629E+04  0.79878368E+01  0.12207031E+01
  0.56056595E+04  0.80244782E+01  0.12207031E+01
  0.56312561E+04  0.80611197E+01  0.12207031E+01
  0.56568527E+04  0.80977611E+01  0.12207031E+01
  0.56824493E+04  0.81344026E+01  0.12207031E+01
  0.57080460E+04  0.81710440E+01  0.12207031E+01
  0.57336426E+04  0.82076855E+01  0.12207031E+01
  0.57592392E+04  0.82443269E+01  0.12207031E+01
  0.57848358E+04  0.82809684E+01  0.12402344E+01
  0.58104324E+04  0.83176098E+01  0.12402344E+01
  0.58360291E+04  0.83542513E+01  0.12402344E+01
  0.58616257E+04  0.83908927E+01  0.12402344E+01
  0.58872223E+04  0.84275342E+01  0.12402344E+01
  0.59128189E+04  0.84641756E+01  0.12402344E+01
  0.59384155E+04  0.85008171E+01  0.12402344E+01
  0.59640121E+04  0.85374586E+01  0.12402344E+01
  0.59896088E+04  0.85741000E+01  0.12402344E+01
  0.60152054E+04  0.86107415E+01  0.12402344E+01
  0.60408020E+04  0.86473829E+01  0.12402344E+01
  0.60663986E+04  0.86840244E+01  0.12402344E+01
  0.60919952E+04  0.87206658E+01  0.12402344E+01
  0.61175919E+04  0.87573073E+01  0.12402344E+01
  0.61431885E+04  0.87939487E+01  0.12402344E+01
  0.61687851E+04  0.88305902E+01  0.12402344E+01
  0.61943817E+04  0.88672316E+01  0.12402344E+01
  0.62199783E+04  0.89038731E+01  0.12402344E+01
  0.62455750E+04  0.89405145E+01  0.12402344E+01
  0.62711716E+04  0.89771560E+01  0.12402344E+01
  0.62967682E+04  0.90137974E+01  0.12597656E+01
  0.63223648E+04  0.90504389E+01  0.12597656E+01
  0.63479614E+04  0.90870803E+01  0.12597656E+01
  0.63735580E+04  0.91237218E+01  0.12597656E+01
  0.63991547E+04  0.91603633E+01  0.12597656E+01
  0.64247513E+04  0.91970047E+01  0.12597656E+01
  0.64503479E+04  0.92336462E+01  0.12597656E+01
  0.64759445E+04  0.92702876E+01  0.12597656E+01
  0.65015411E+04  0.93069291E+01  0.12597656E+01
  0.65271378E+04  0.93435705E+01  0.12597656E+01
  0.65527344E+04  0.93802120E+01  0.12597656E+01
  0.65783310E+04  0.94168534E+01  0.12597656E+01
  0.66039276E+04  0.94534949E+01  0.12597656E+01
  0.66295242E+04  0.94901363E+01  0.12597656E+01
  0.66551208E+04  0.95267778E+01  0.12597656E+01
  0.66807175E+04  0.95634192E+01  0.12597656E+01
  0.67063141E+04  0.96000607E+01  0.12597656E+01
  0.67319107E+04  0.96367021E+01  0.12597656E+01
  0.67575073E+04  0.96733436E+01  0.12597656E+01
  0.67831039E+04  0.97099850E+01  0.12597656E+01
  0.68087006E+04  0.97466265E+01  0.12597656E+01
  0.68342972E+04  0.97832680E+01  0.12597656E+01
  0.68598938E+04  0.98199094E+01  0.12597656E+01
  0.68854904E+04  0.98565509E+01  0.12792969E+01
  0.69110870E+04  0.98931923E+01  0.12792969E+01
  0.69366837E+04  0.99298338E+01  0.12792969E+01
  0.69622803E+04  0.99664752E+01  0.12792969E+01
  0.69878769E+04  0.10003117E+02  0.12792969E+01
  0.70134735E+04  0.10039758E+02  0.12792969E+01
  0.70390701E+04  0.10076400E+02  0.12792969E+01
  0.70646667E+04  0.10113041E+02  0.12792969E+01
  0.70902634E+04  0.10149682E+02  0.12792969E+01
  0.71158600E+04  0.10186324E+02  0.12792969E+01
  0.71414566E+04  0.10222965E+02  0.12792969E+01
  0.71670532E+04  0.10259607E+02  0.12792969E+01
  0.71926498E+04  0.10296248E+02  0.12792969E+01
  0.72182465E+04  0.10332890E+02  0.12792969E+01
  0.72438431E+04  0.10369531E+02  0.12792969E+01
  0.72694397E+04  0.10406173E+02  0.12792969E+01
  0.72950363E+04  0.10442814E+02  0.12792969E+01
  0.73206329E+04  0.10479456E+02  0.12792969E+01
  0.73462296E+04  0.10516097E+02  0.12792969E+01
  0.73718262E+04  0.10552738E+02  0.12792969E+01
  0.73974228E+04  0.10589380E+02  0.12792969E+01
  0.74230194E+04  0.10626021E+02  0.12792969E+01
  0.74486160E+04  0.10662663E+02  0.12792969E+01
  0.74742126E+04  0.10699304E+02  0.12792969E+01
  0.74998093E+04  0.10735946E+02  0.12792969E+01
  0.75254059E+04  0.10772587E+02  0.12988281E+01
  0.75510025E+04  0.10809229E+02  0.12988281E+01
  0.75765991E+04  0.10845870E+02  0.12988281E+01
  0.76021957E+04  0.10882512E+02  0.12988281E+01
  0.76277924E+04  0.10919153E+02  0.12988281E+01
  0.76533890E+04  0.10955794E+02  0.12988281E+01
  0.76789856E+04  0.10992436E+02  0.12988281E+01
  0.77045822E+04  0.11029077E+02  0.12988281E+01
  0.77301788E+04  0.11065719E+02  0.12988281E+01
  0.77557755E+04  0.11102360E+02  0.12988281E+01
  0.77813721E+04  0.11139002E+02  0.12988281E+01
  0.78069687E+04  0.11175643E+02  0.12988281E+01
  0.78325653E+04  0.11212285E+02  0.12988281E+01
  0.78581619E+04  0.11248926E+02  0.12988281E+01
  0.78837585E+04  0.11285568E+02  0.12988281E+01
  0.79093552E+04  0.11322209E+02  0.12988281E+01
  0.79349518E+04  0.11358850E+02  0.12988281E+01
  0.79605484E+04  0.11395492E+02  0.12988281E+01
  0.79861450E+04  0.11432133E+02  0.12988281E+01
  0.80117416E+04  0.11468775E+02  0.12988281E+01
  0.80373383E+04  0.11505416E+02  0.12988281E+01
  0.80629349E+04  0.11542058E+02  0.12988281E+01
  0.80885315E+04  0.11578699E+02  0.12988281E+01
  0.81141281E+04  0.11615341E+02  0.12988281E+01
  0.81397247E+04  0.11651982E+02  0.12988281E+01
  0.81653214E+04  0.11688624E+02  0.12988281E+01
  0.81909180E+04  0.11725265E+02  0.12988281E+01
  0.82165146E+04  0.11761906E+02  0.12988281E+01
  0.82421112E+04  0.11798548E+02  0.12988281E+01
  0.82677078E+04  0.11835189E+02  0.12988281E+01
  0.82933044E+04  0.11871831E+02  0.13183594E+01
  0.83189011E+04  0.11908472E+02  0.13183594E+01
  0.83444977E+04  0.11945114E+02  0.13183594E+01
  0.83700943E+04  0.11981755E+02  0.13183594E+01
  0.83956909E+04  0.12018397E+02  0.13183594E+01
  0.84212875E+04  0.12055038E+02  0.13183594E+01
  0.84468842E+04  0.12091679E+02  0.13183594E+01
  0.84724808E+04  0.12128321E+02  0.13183594E+01
  0.84980774E+04  0.12164962E+02  0.13183594E+01
  0.84469098E+04  0.12091716E+02  0.13183594E+01
  0.84724808E+04  0.12128321E+02  0.13183594E+01
  0.84980774E+04  0.12164962E+02  0.13183594E+01
  0.85236740E+04  0.12201604E+02  0.13183594E+01
  0.85492706E+04  0.12238245E+02  0.13183594E+01
  0.85748672E+04  0.12274887E+02  0.13183594E+01
  0.86004639E+04  0.12311528E+02  0.13183594E+01
  0.86260605E+04  0.12348170E+02  0.13183594E+01
  0.86516571E+04  0.12384811E+02  0.13183594E+01
  0.86772537E+04  0.12421453E+02  0.13183594E+01
  0.87028503E+04  0.12458094E+02  0.13183594E+01
  0.87284470E+04  0.12494735E+02  0.13183594E+01
  0.87540436E+04  0.12531377E+02  0.13183594E+01
  0.87796402E+04  0.12568018E+02  0.13183594E+01
  0.88052368E+04  0.12604660E+02  0.13183594E+01
  0.88308334E+04  0.12641301E+02  0.13183594E+01
  0.88564301E+04  0.12677943E+02  0.13183594E+01
  0.88820267E+04  0.12714584E+02  0.13183594E+01
  0.89076233E+04  0.12751226E+02  0.13183594E+01
  0.89332199E+04  0.12787867E+02  0.13183594E+01
  0.89588165E+04  0.12824509E+02  0.13183594E+01
  0.89844131E+04  0.12861150E+02  0.13183594E+01
  0.90100098E+04  0.12897791E+02  0.13378906E+01
  0.90356064E+04  0.12934433E+02  0.13378906E+01
  0.90612030E+04  0.12971074E+02  0.13378906E+01
  0.90867996E+04  0.13007716E+02  0.13378906E+01
  0.91123962E+04  0.13044357E+02  0.13378906E+01
  0.91379929E+04  0.13080999E+02  0.13378906E+01
  0.91635895E+04  0.13117640E+02  0.13378906E+01
  0.91891861E+04  0.13154282E+02  0.13378906E+01
  0.92147827E+04  0.13190923E+02  0.13378906E+01
  0.92403793E+04  0.13227565E+02  0.13378906E+01
  0.92659760E+04  0.13264206E+02  0.13378906E+01
  0.92915726E+04  0.13300847E+02  0.13378906E+01
  0.93171692E+04  0.13337489E+02  0.13378906E+01
  0.93427658E+04  0.13374130E+02  0.13378906E+01
  0.93683624E+04  0.13410772E+02  0.13378906E+01
  0.93939590E+04  0.13447413E+02  0.13378906E+01
  0.94195557E+04  0.13484055E+02  0.13378906E+01
  0.94451523E+04  0.13520696E+02  0.13378906E+01
  0.94707489E+04  0.13557338E+02  0.13378906E+01
  0.94963455E+04  0.13593979E+02  0.13378906E+01
  0.95219421E+04  0.13630621E+02  0.13378906E+01
  0.95475388E+04  0.13667262E+02  0.13378906E+01
  0.95731354E+04  0.13703903E+02  0.13378906E+01
  0.95987320E+04  0.13740545E+02  0.13378906E+01
  0.96243286E+04  0.13777186E+02  0.13378906E+01
  0.96499252E+04  0.13813828E+02  0.13378906E+01
  0.96755219E+04  0.13850469E+02  0.13378906E+01
  0.97011185E+04  0.13887111E+02  0.13378906E+01
  0.97267151E+04  0.13923752E+02  0.13378906E+01
  0.97523117E+04  0.13960394E+02  0.13378906E+01
  0.97779083E+04  0.13997035E+02  0.13378906E+01
  0.98035049E+04  0.14033677E+02  0.13378906E+01
  0.98291016E+04  0.14070318E+02  0.13378906E+01
  0.98546982E+04  0.14106959E+02  0.13378906E+01
  0.98802948E+04  0.14143601E+02  0.13378906E+01
  0.99058914E+04  0.14180242E+02  0.13574219E+01
  0.99314880E+04  0.14216884E+02  0.13574219E+01
  0.99570847E+04  0.14253525E+02  0.13574219E+01
  0.99826813E+04  0.14290167E+02  0.13574219E+01
  0.10008278E+05  0.14326808E+02  0.13574219E+01
  0.10033875E+05  0.14363450E+02  0.13574219E+01
  0.10059471E+05  0.14400091E+02  0.13574219E+01
  0.10085068E+05  0.14436732E+02  0.13574219E+01
  0.10110664E+05  0.14473374E+02  0.13574219E+01
  0.10136261E+05  0.14510015E+02  0.13574219E+01
  0.10161858E+05  0.14546657E+02  0.13574219E+01
  0.10187454E+05  0.14583298E+02  0.13574219E+01
  0.10213051E+05  0.14619940E+02  0.13574219E+01
  0.10238647E+05  0.14656581E+02  0.13574219E+01
  0.10264244E+05  0.14693223E+02  0.13574219E+01
  0.10289841E+05  0.14729864E+02  0.13574219E+01
  0.10315437E+05  0.14766506E+02  0.13574219E+01
  0.10341034E+05  0.14803147E+02  0.13574219E+01
  0.10366631E+05  0.14839788E+02  0.13574219E+01
  0.10392227E+05  0.14876430E+02  0.13574219E+01
  0.10417824E+05  0.14913071E+02  0.13574219E+01
  0.10443420E+05  0.14949713E+02  0.13574219E+01
  0.10469017E+05  0.14986354E+02  0.13574219E+01
  0.10494614E+05  0.15022996E+02  0.13574219E+01
  0.10520210E+05  0.15059637E+02  0.13574219E+01
  0.10545807E+05  0.15096279E+02  0.13574219E+01
  0.10571404E+05  0.15132920E+02  0.13574219E+01
  0.10597000E+05  0.15169562E+02  0.13574219E+01
  0.10622597E+05  0.15206203E+02  0.13574219E+01
  0.10648193E+05  0.15242844E+02  0.13574219E+01
  0.10673790E+05  0.15279486E+02  0.13574219E+01
  0.10699387E+05  0.15316127E+02  0.13574219E+01
  0.10724983E+05  0.15352769E+02  0.13574219E+01
  0.10750580E+05  0.15389410E+02  0.13574219E+01
  0.10776176E+05  0.15426052E+02  0.13574219E+01
  0.10801773E+05  0.15462693E+02  0.13574219E+01
  0.10827370E+05  0.15499335E+02  0.13574219E+01
  0.10852966E+05  0.15535976E+02  0.13574219E+01
  0.10878563E+05  0.15572618E+02  0.13574219E+01
  0.10904160E+05  0.15609259E+02  0.13574219E+01
  0.10929756E+05  0.15645900E+02  0.13574219E+01
  0.10955353E+05  0.15682542E+02  0.13574219E+01
  0.10980949E+05  0.15719183E+02  0.13574219E+01
  0.11006546E+05  0.15755825E+02  0.13769531E+01
  0.11032143E+05  0.15792466E+02  0.13769531E+01
  0.11057739E+05  0.15829108E+02  0.13769531E+01
  0.11083336E+05  0.15865749E+02  0.13769531E+01
  0.11108932E+05  0.15902391E+02  0.13769531E+01
  0.11134529E+05  0.15939032E+02  0.13769531E+01
  0.11160126E+05  0.15975674E+02  0.13769531E+01
  0.11185722E+05  0.16012315E+02  0.13769531E+01
  0.11211319E+05  0.16048956E+02  0.13769531E+01
  0.11236916E+05  0.16085598E+02  0.13769531E+01
  0.11262512E+05  0.16122239E+02  0.13769531E+01
  0.11288109E+05  0.16158881E+02  0.13769531E+01
  0.11313705E+05  0.16195522E+02  0.13769531E+01
  0.11339302E+05  0.16232164E+02  0.13769531E+01
  0.11364899E+05  0.16268805E+02  0.13769531E+01
  0.11390495E+05  0.16305447E+02  0.13769531E+01
  0.11416092E+05  0.16342088E+02  0.13769531E+01
  0.11441689E+05  0.16378729E+02  0.13769531E+01
  0.11467285E+05  0.16415371E+02  0.13769531E+01
  0.11492882E+05  0.16452012E+02  0.13769531E+01
  0.11518478E+05  0.16488654E+02  0.13769531E+01
  0.11544075E+05  0.16525295E+02  0.13769531E+01
  0.11569672E+05  0.16561937E+02  0.13769531E+01
  0.11595268E+05  0.16598578E+02  0.13769531E+01
  0.11620865E+05  0.16635220E+02  0.13769531E+01
  0.11646461E+05  0.16671861E+02  0.13769531E+01
  0.11672058E+05  0.16708503E+02  0.13769531E+01
  0.11697655E+05  0.16745144E+02  0.13769531E+01
  0.11723251E+05  0.16781785E+02  0.13769531E+01
  0.11748848E+05  0.16818427E+02  0.13769531E+01
  0.11774445E+05  0.16855068E+02  0.13769531E+01
  0.11800041E+05  0.16891710E+02  0.13769531E+01
  0.11825638E+05  0.16928351E+02  0.13769531E+01
  0.11851234E+05  0.16964993E+02  0.13769531E+01
  0.11876831E+05  0.17001634E+02  0.13769531E+01
  0.11902428E+05  0.17038276E+02  0.13769531E+01
  0.11928024E+05  0.17074917E+02  0.13769531E+01
  0.11953621E+05  0.17111559E+02  0.13769531E+01
  0.11979218E+05  0.17148200E+02  0.13769531E+01
  0.12004814E+05  0.17184841E+02  0.13769531E+01
  0.12030411E+05  0.17221483E+02  0.13769531E+01
  0.12056007E+05  0.17258124E+02  0.13769531E+01
  0.12081604E+05  0.17294766E+02  0.13769531E+01
  0.12107201E+05  0.17331407E+02  0.13769531E+01
  0.12132797E+05  0.17368049E+02  0.13769531E+01
  0.12158394E+05  0.17404690E+02  0.13769531E+01
  0.12183990E+05  0.17441332E+02  0.13769531E+01
  0.12209587E+05  0.17477973E+02  0.13769531E+01
  0.12235184E+05  0.17514615E+02  0.13769531E+01
  0.12260780E+05  0.17551256E+02  0.13769531E+01
  0.12286377E+05  0.17587897E+02  0.13769531E+01
  0.12311974E+05  0.17624539E+02  0.13769531E+01
  0.12337570E+05  0.17661180E+02  0.13769531E+01
  0.12363167E+05  0.17697822E+02  0.13769531E+01
  0.12388763E+05  0.17734463E+02  0.13769531E+01
  0.12414360E+05  0.17771105E+02  0.13769531E+01
  0.12439957E+05  0.17807746E+02  0.13964844E+01
  0.12465553E+05  0.17844388E+02  0.13964844E+01
  0.12491150E+05  0.17881029E+02  0.13964844E+01
  0.12516747E+05  0.17917671E+02  0.13964844E+01
  0.12542343E+05  0.17954312E+02  0.13964844E+01
  0.12567940E+05  0.17990953E+02  0.13964844E+01
  0.12593536E+05  0.18027595E+02  0.13964844E+01
  0.12619133E+05  0.18064236E+02  0.13964844E+01
  0.12644730E+05  0.18100878E+02  0.13964844E+01
  0.12670326E+05  0.18137519E+02  0.13964844E+01
  0.12695923E+05  0.18174161E+02  0.13964844E+01
  0.12721519E+05  0.18210802E+02  0.13964844E+01
  0.12747116E+05  0.18247444E+02  0.13964844E+01
  0.12772713E+05  0.18284085E+02  0.13964844E+01
  0.12798309E+05  0.18320727E+02  0.13964844E+01
  0.12823906E+05  0.18357368E+02  0.13964844E+01
  0.12849503E+05  0.18394009E+02  0.13964844E+01
  0.12875099E+05  0.18430651E+02  0.13964844E+01
  0.12900696E+05  0.18467292E+02  0.13964844E+01
  0.12926292E+05  0.18503934E+02  0.13964844E+01
  0.12951889E+05  0.18540575E+02  0.13964844E+01
  0.12977486E+05  0.18577217E+02  0.13964844E+01
  0.13003082E+05  0.18613858E+02  0.13964844E+01
  0.13028679E+05  0.18650500E+02  0.13964844E+01
  0.13054276E+05  0.18687141E+02  0.13964844E+01
  0.13079872E+05  0.18723782E+02  0.13964844E+01
  0.13105469E+05  0.18760424E+02  0.13964844E+01
  0.13131065E+05  0.18797065E+02  0.13964844E+01
  0.13156662E+05  0.18833707E+02  0.13964844E+01
  0.13182259E+05  0.18870348E+02  0.13964844E+01
  0.13207855E+05  0.18906990E+02  0.13964844E+01
  0.13233452E+05  0.18943631E+02  0.13964844E+01
  0.13259048E+05  0.18980273E+02  0.13964844E+01
  0.13284645E+05  0.19016914E+02  0.13964844E+01
  0.13310242E+05  0.19053556E+02  0.13964844E+01
  0.13335838E+05  0.19090197E+02  0.13964844E+01
  0.13361435E+05  0.19126838E+02  0.13964844E+01
  0.13387032E+05  0.19163480E+02  0.13964844E+01
  0.13412628E+05  0.19200121E+02  0.13964844E+01
  0.13438225E+05  0.19236763E+02  0.13964844E+01
  0.13463821E+05  0.19273404E+02  0.13964844E+01
  0.13489418E+05  0.19310046E+02  0.13964844E+01
  0.13515015E+05  0.19346687E+02  0.13964844E+01
  0.13540611E+05  0.19383329E+02  0.13964844E+01
  0.13566208E+05  0.19419970E+02  0.13964844E+01
  0.13591805E+05  0.19456612E+02  0.13964844E+01
  0.13617401E+05  0.19493253E+02  0.13964844E+01
  0.13642998E+05  0.19529894E+02  0.13964844E+01
  0.13668594E+05  0.19566536E+02  0.13964844E+01
  0.13694191E+05  0.19603177E+02  0.13964844E+01
  0.13719788E+05  0.19639819E+02  0.13964844E+01
  0.13745384E+05  0.19676460E+02  0.13964844E+01
  0.13770981E+05  0.19713102E+02  0.13964844E+01
  0.13796577E+05  0.19749743E+02  0.13964844E+01
  0.13822174E+05  0.19786385E+02  0.13964844E+01
  0.13847771E+05  0.19823026E+02  0.13964844E+01
  0.13873367E+05  0.19859668E+02  0.13964844E+01
  0.13898964E+05  0.19896309E+02  0.13964844E+01
  0.13924561E+05  0.19932950E+02  0.13964844E+01
  0.13950157E+05  0.19969592E+02  0.13964844E+01
  0.13975754E+05  0.20006233E+02  0.13964844E+01
  0.14001350E+05  0.20042875E+02  0.13964844E+01
  0.14026947E+05  0.20079516E+02  0.13964844E+01
  0.14052544E+05  0.20116158E+02  0.13964844E+01
  0.14078140E+05  0.20152799E+02  0.13964844E+01
  0.14103737E+05  0.20189441E+02  0.13964844E+01
  0.14129333E+05  0.20226082E+02  0.13964844E+01
  0.14154930E+05  0.20262724E+02  0.13964844E+01
  0.14180527E+05  0.20299365E+02  0.13964844E+01
  0.14206123E+05  0.20336006E+02  0.13964844E+01
  0.14231720E+05  0.20372648E+02  0.13964844E+01
  0.14257317E+05  0.20409289E+02  0.13964844E+01
  0.14282913E+05  0.20445931E+02  0.13964844E+01
  0.14308510E+05  0.20482572E+02  0.13964844E+01
  0.14334106E+05  0.20519214E+02  0.13964844E+01
  0.14359703E+05  0.20555855E+02  0.13964844E+01
  0.14385300E+05  0.20592497E+02  0.13964844E+01
  0.14410896E+05  0.20629138E+02  0.13964844E+01
  0.14436493E+05  0.20665779E+02  0.14160156E+01
  0.14462090E+05  0.20702421E+02  0.14160156E+01
  0.14487686E+05  0.20739062E+02  0.14160156E+01
  0.14513283E+05  0.20775704E+02  0.14160156E+01
  0.14538879E+05  0.20812345E+02  0.14160156E+01
  0.14564476E+05  0.20848987E+02  0.14160156E+01
  0.14590073E+05  0.20885628E+02  0.14160156E+01
  0.14615669E+05  0.20922270E+02  0.14160156E+01
  0.14641266E+05  0.20958911E+02  0.14160156E+01
  0.14666862E+05  0.20995553E+02  0.14160156E+01
  0.14692459E+05  0.21032194E+02  0.14160156E+01
  0.14718056E+05  0.21068835E+02  0.14160156E+01
  0.14743652E+05  0.21105477E+02  0.14160156E+01
  0.14769249E+05  0.21142118E+02  0.14160156E+01
  0.14794846E+05  0.21178760E+02  0.14160156E+01
  0.14820442E+05  0.21215401E+02  0.14160156E+01
  0.14846039E+05  0.21252043E+02  0.14160156E+01
  0.14871635E+05  0.21288684E+02  0.14160156E+01
  0.14897232E+05  0.21325326E+02  0.14160156E+01
  0.14922829E+05  0.21361967E+02  0.14160156E+01
  0.14948425E+05  0.21398609E+02  0.14160156E+01
  0.14974022E+05  0.21435250E+02  0.14160156E+01
  0.14999619E+05  0.21471891E+02  0.14160156E+01
  0.15025215E+05  0.21508533E+02  0.14160156E+01
  0.15050812E+05  0.21545174E+02  0.14160156E+01
  0.15076408E+05  0.21581816E+02  0.14160156E+01
  0.15102005E+05  0.21618457E+02  0.14160156E+01
  0.15127602E+05  0.21655099E+02  0.14160156E+01
  0.15153198E+05  0.21691740E+02  0.14160156E+01
  0.15178795E+05  0.21728382E+02  0.14160156E+01
  0.15204391E+05  0.21765023E+02  0.14160156E+01
  0.15229988E+05  0.21801665E+02  0.14160156E+01
  0.15255585E+05  0.21838306E+02  0.14160156E+01
  0.15281181E+05  0.21874947E+02  0.14160156E+01
  0.15306778E+05  0.21911589E+02  0.14160156E+01
  0.15332375E+05  0.21948230E+02  0.14160156E+01
  0.15357971E+05  0.21984872E+02  0.14160156E+01
  0.15383568E+05  0.22021513E+02  0.14160156E+01
  0.15409164E+05  0.22058155E+02  0.14160156E+01
  0.15434761E+05  0.22094796E+02  0.14160156E+01
  0.15460358E+05  0.22131438E+02  0.14160156E+01
  0.15485954E+05  0.22168079E+02  0.14160156E+01
  0.15511551E+05  0.22204721E+02  0.14160156E+01
  0.15537148E+05  0.22241362E+02  0.14160156E+01
  0.15562744E+05  0.22278003E+02  0.14160156E+01
  0.15588341E+05  0.22314645E+02  0.14160156E+01
  0.15613937E+05  0.22351286E+02  0.14160156E+01
  0.15639534E+05  0.22387928E+02  0.14160156E+01
  0.15665131E+05  0.22424569E+02  0.14160156E+01
  0.15690727E+05  0.22461211E+02  0.14160156E+01
  0.15716324E+05  0.22497852E+02  0.14160156E+01
  0.15741920E+05  0.22534494E+02  0.14160156E+01
  0.15767517E+05  0.22571135E+02  0.14160156E+01
  0.15793114E+05  0.22607777E+02  0.14160156E+01
  0.15818710E+05  0.22644418E+02  0.14160156E+01
  0.15844307E+05  0.22681059E+02  0.14160156E+01
